Source Node	Destination Node	Path					Path Delay			Path Cost
0			1		0->1						2			1
0			1		0->8->2->1						15			3
0			2		0->1->2						8			2
0			2		0->8->2						9			2
0			3		0->1->2->3						15			3
0			3		0->8->7->6->5->4->3						21			6
0			4		0->1->2->3->4						18			4
0			4		0->8->7->6->5->4						18			5
0			5		0->8->7->6->5						17			4
0			5		0->1->2->3->4->5						19			5
0			6		0->8->7->6						14			3
0			6		0->1->2->3->4->5->6						22			6
0			7		0->8->7						10			2
0			7		0->9->12->13->7						19			4
0			8		0->8						4			1
0			8		0->9->12->8						10			3
0			9		0->9						5			1
0			9		0->8->12->9						9			3
0			10		0->9->10						12			2
0			10		0->8->12->11->10						18			4
0			11		0->8->12->11						12			3
0			11		0->9->12->17->11						18			4
0			12		0->8->12						6			2
0			12		0->9->12						8			2
0			13		0->8->12->13						10			3
0			13		0->9->12->14->13						16			4
0			14		0->8->14						10			2
0			14		0->9->12->14						14			3
0			15		0->8->12->17->15						17			4
0			15		0->9->10->15						18			3
0			16		0->8->12->17->16						12			4
0			16		0->9->12->14->18->23->16						25			6
0			17		0->8->12->17						9			3
0			17		0->9->12->14->17						20			4
0			18		0->8->12->17->18						14			4
0			18		0->9->12->14->18						20			4
0			19		0->8->12->13->19						15			4
0			19		0->9->12->17->18->19						21			5
0			20		0->8->12->13->19->20						17			5
0			20		0->9->12->17->18->20						22			5
0			21		0->8->12->17->18->21						15			5
0			21		0->9->12->13->19->20->21						24			6
0			22		0->8->12->17->22						12			4
0			22		0->9->12->14->18->22						22			5
0			23		0->8->12->17->23						14			4
0			23		0->9->12->14->18->23						21			5
1			0		1->0						2			1
1			0		1->2->8->0						15			3
1			2		1->2						6			1
1			2		1->0->8->2						11			3
1			3		1->2->3						13			2
1			3		1->0->8->7->6->5->4->3						23			7
1			4		1->2->3->4						16			3
1			4		1->0->8->7->6->5->4						20			6
1			5		1->2->3->4->5						17			4
1			5		1->0->8->7->6->5						19			5
1			6		1->0->8->7->6						16			4
1			6		1->2->3->4->5->6						20			5
1			7		1->0->8->7						12			3
1			7		1->2->8->12->13->7						24			5
1			8		1->0->8						6			2
1			8		1->2->8						11			2
1			9		1->0->9						7			2
1			9		1->2->8->12->9						16			4
1			10		1->0->9->10						14			3
1			10		1->2->8->12->11->10						25			5
1			11		1->0->8->12->11						14			4
1			11		1->2->8->11						21			3
1			12		1->0->8->12						8			3
1			12		1->2->8->14->12						23			4
1			13		1->0->8->12->13						12			4
1			13		1->2->8->14->13						19			4
1			14		1->0->8->14						12			3
1			14		1->2->8->12->14						19			4
1			15		1->0->8->12->17->15						19			5
1			15		1->2->8->14->18->15						30			5
1			16		1->0->8->12->17->16						14			5
1			16		1->2->8->14->18->23->16						28			6
1			17		1->0->8->12->17						11			4
1			17		1->2->8->14->17						23			4
1			18		1->0->8->12->17->18						16			5
1			18		1->2->8->14->18						23			4
1			19		1->0->8->12->13->19						17			5
1			19		1->2->8->14->19						26			4
1			20		1->0->8->12->13->19->20						19			6
1			20		1->2->8->14->18->20						29			5
1			21		1->0->8->12->17->18->21						17			6
1			21		1->2->8->14->18->22->21						30			6
1			22		1->0->8->12->17->22						14			5
1			22		1->2->8->14->18->22						25			5
1			23		1->0->8->12->17->23						16			5
1			23		1->2->8->14->18->23						24			5
2			0		2->1->0						8			2
2			0		2->8->0						9			2
2			1		2->1						6			1
2			1		2->8->0->1						11			3
2			3		2->3						7			1
2			3		2->8->7->6->5->4->3						22			6
2			4		2->3->4						10			2
2			4		2->8->7->6->5->4						19			5
2			5		2->3->4->5						11			3
2			5		2->8->7->6->5						18			4
2			6		2->3->4->5->6						14			4
2			6		2->8->7->6						15			3
2			7		2->8->7						11			2
2			7		2->3->4->5->6->7						18			5
2			8		2->8						5			1
2			8		2->1->0->8						12			3
2			9		2->8->12->9						10			3
2			9		2->1->0->9						13			3
2			10		2->8->12->9->10						17			4
2			10		2->1->0->8->11->10						28			5
2			11		2->8->12->11						13			3
2			11		2->1->0->8->11						22			4
2			12		2->8->12						7			2
2			12		2->1->0->9->12						16			4
2			13		2->8->12->13						11			3
2			13		2->1->0->8->14->13						20			5
2			14		2->8->14						11			2
2			14		2->1->0->8->12->14						20			5
2			15		2->8->12->17->15						18			4
2			15		2->1->0->9->10->15						26			5
2			16		2->8->12->17->16						13			4
2			16		2->1->0->8->14->18->23->16						29			7
2			17		2->8->12->17						10			3
2			17		2->1->0->8->14->17						24			5
2			18		2->8->12->17->18						15			4
2			18		2->1->0->8->14->18						24			5
2			19		2->8->12->13->19						16			4
2			19		2->1->0->8->14->19						27			5
2			20		2->8->12->13->19->20						18			5
2			20		2->1->0->8->14->18->20						30			6
2			21		2->8->12->17->18->21						16			5
2			21		2->1->0->8->14->18->22->21						31			7
2			22		2->8->12->17->22						13			4
2			22		2->1->0->8->14->18->22						26			6
2			23		2->8->12->17->23						15			4
2			23		2->1->0->8->14->18->23						25			6
3			0		3->2->1->0						15			3
3			0		3->4->5->6->7->8->0						21			6
3			1		3->2->1						13			2
3			1		3->4->5->6->7->8->0->1						23			7
3			2		3->2						7			1
3			2		3->4->5->6->7->8->2						22			6
3			4		3->4						3			1
3			4		3->2->8->7->6->5->4						26			6
3			5		3->4->5						4			2
3			5		3->2->8->7->6->5						25			5
3			6		3->4->5->6						7			3
3			6		3->2->8->7->6						22			4
3			7		3->4->5->6->7						11			4
3			7		3->2->8->7						18			3
3			8		3->2->8						12			2
3			8		3->4->5->6->7->8						17			5
3			9		3->2->8->12->9						17			4
3			9		3->4->5->6->7->8->9						26			6
3			10		3->2->8->12->9->10						24			5
3			10		3->4->5->6->7->8->11->10						33			7
3			11		3->2->8->12->11						20			4
3			11		3->4->5->6->7->8->11						27			6
3			12		3->2->8->12						14			3
3			12		3->4->5->6->7->13->12						22			6
3			13		3->4->5->6->7->13						18			5
3			13		3->2->8->12->13						18			4
3			14		3->2->8->14						18			3
3			14		3->4->5->6->7->14						19			5
3			15		3->2->8->12->17->15						25			5
3			15		3->4->5->6->7->14->18->15						32			7
3			16		3->2->8->12->17->16						20			5
3			16		3->4->5->6->7->14->18->23->16						30			8
3			17		3->2->8->12->17						17			4
3			17		3->4->5->6->7->14->17						25			6
3			18		3->2->8->12->17->18						22			5
3			18		3->4->5->6->7->14->18						25			6
3			19		3->4->5->6->7->13->19						23			6
3			19		3->2->8->14->19						27			4
3			20		3->4->5->6->7->13->19->20						25			7
3			20		3->2->8->12->17->18->20						28			6
3			21		3->2->8->12->17->18->21						23			6
3			21		3->4->5->6->7->13->19->20->21						30			8
3			22		3->2->8->12->17->22						20			5
3			22		3->4->5->6->7->14->18->22						27			7
3			23		3->2->8->12->17->23						22			5
3			23		3->4->5->6->7->14->18->23						26			7
4			0		4->5->6->7->8->0						18			5
4			0		4->3->2->1->0						18			4
4			1		4->3->2->1						16			3
4			1		4->5->6->7->8->0->1						20			6
4			2		4->3->2						10			2
4			2		4->5->6->7->8->2						19			5
4			3		4->3						3			1
4			3		4->5->6->7->8->2->3						26			6
4			5		4->5						1			1
4			5		4->3->2->8->7->6->5						28			6
4			6		4->5->6						4			2
4			6		4->3->2->8->7->6						25			5
4			7		4->5->6->7						8			3
4			7		4->3->2->8->7						21			4
4			8		4->5->6->7->8						14			4
4			8		4->3->2->8						15			3
4			9		4->5->6->7->8->12->9						19			6
4			9		4->3->2->1->0->9						23			5
4			10		4->5->6->7->8->12->9->10						26			7
4			10		4->3->2->8->11->10						31			5
4			11		4->5->6->7->8->12->11						22			6
4			11		4->3->2->8->11						25			4
4			12		4->5->6->7->8->12						16			5
4			12		4->3->2->1->0->9->12						26			6
4			13		4->5->6->7->13						15			4
4			13		4->3->2->8->12->13						21			5
4			14		4->5->6->7->14						16			4
4			14		4->3->2->8->14						21			4
4			15		4->5->6->7->8->12->17->15						27			7
4			15		4->3->2->8->14->18->15						34			6
4			16		4->5->6->7->8->12->17->16						22			7
4			16		4->3->2->8->14->18->23->16						32			7
4			17		4->5->6->7->8->12->17						19			6
4			17		4->3->2->8->14->17						27			5
4			18		4->5->6->7->14->18						22			5
4			18		4->3->2->8->12->17->18						25			6
4			19		4->5->6->7->13->19						20			5
4			19		4->3->2->8->14->19						30			5
4			20		4->5->6->7->13->19->20						22			6
4			20		4->3->2->8->12->17->18->20						31			7
4			21		4->5->6->7->14->18->21						23			6
4			21		4->3->2->8->12->17->22->21						28			7
4			22		4->5->6->7->8->12->17->22						22			7
4			22		4->3->2->8->14->18->22						29			6
4			23		4->5->6->7->14->18->23						23			6
4			23		4->3->2->8->12->17->23						25			6
5			0		5->6->7->8->0						17			4
5			0		5->4->3->2->1->0						19			5
5			1		5->4->3->2->1						17			4
5			1		5->6->7->8->0->1						19			5
5			2		5->4->3->2						11			3
5			2		5->6->7->8->2						18			4
5			3		5->4->3						4			2
5			3		5->6->7->8->2->3						25			5
5			4		5->4						1			1
5			4		5->6->7->8->2->3->4						28			6
5			6		5->6						3			1
5			6		5->4->3->2->8->7->6						26			6
5			7		5->6->7						7			2
5			7		5->4->3->2->8->7						22			5
5			8		5->6->7->8						13			3
5			8		5->4->3->2->8						16			4
5			9		5->6->7->8->12->9						18			5
5			9		5->4->3->2->1->0->9						24			6
5			10		5->6->7->8->12->9->10						25			6
5			10		5->4->3->2->8->11->10						32			6
5			11		5->6->7->8->12->11						21			5
5			11		5->4->3->2->8->11						26			5
5			12		5->6->7->8->12						15			4
5			12		5->4->3->2->1->0->9->12						27			7
5			13		5->6->7->13						14			3
5			13		5->4->3->2->8->12->13						22			6
5			14		5->6->7->14						15			3
5			14		5->4->3->2->8->14						22			5
5			15		5->6->7->8->12->17->15						26			6
5			15		5->4->3->2->8->14->18->15						35			7
5			16		5->6->7->8->12->17->16						21			6
5			16		5->4->3->2->8->14->18->23->16						33			8
5			17		5->6->7->8->12->17						18			5
5			17		5->4->3->2->8->14->17						28			6
5			18		5->6->7->14->18						21			4
5			18		5->4->3->2->8->12->17->18						26			7
5			19		5->6->7->13->19						19			4
5			19		5->4->3->2->8->14->19						31			6
5			20		5->6->7->13->19->20						21			5
5			20		5->4->3->2->8->12->17->18->20						32			8
5			21		5->6->7->14->18->21						22			5
5			21		5->4->3->2->8->12->17->22->21						29			8
5			22		5->6->7->8->12->17->22						21			6
5			22		5->4->3->2->8->14->18->22						30			7
5			23		5->6->7->14->18->23						22			5
5			23		5->4->3->2->8->12->17->23						26			7
6			0		6->7->8->0						14			3
6			0		6->5->4->3->2->1->0						22			6
6			1		6->7->8->0->1						16			4
6			1		6->5->4->3->2->1						20			5
6			2		6->5->4->3->2						14			4
6			2		6->7->8->2						15			3
6			3		6->5->4->3						7			3
6			3		6->7->8->2->3						22			4
6			4		6->5->4						4			2
6			4		6->7->8->2->3->4						25			5
6			5		6->5						3			1
6			5		6->7->8->2->3->4->5						26			6
6			7		6->7						4			1
6			7		6->5->4->3->2->8->7						25			6
6			8		6->7->8						10			2
6			8		6->5->4->3->2->8						19			5
6			9		6->7->8->12->9						15			4
6			9		6->5->4->3->2->1->0->9						27			7
6			10		6->7->8->12->9->10						22			5
6			10		6->5->4->3->2->8->11->10						35			7
6			11		6->7->8->12->11						18			4
6			11		6->5->4->3->2->8->11						29			6
6			12		6->7->8->12						12			3
6			12		6->5->4->3->2->1->0->9->12						30			8
6			13		6->7->13						11			2
6			13		6->5->4->3->2->8->12->13						25			7
6			14		6->7->14						12			2
6			14		6->5->4->3->2->8->14						25			6
6			15		6->7->8->12->17->15						23			5
6			15		6->5->4->3->2->8->14->18->15						38			8
6			16		6->7->8->12->17->16						18			5
6			16		6->5->4->3->2->8->14->18->23->16						36			9
6			17		6->7->8->12->17						15			4
6			17		6->5->4->3->2->8->14->17						31			7
6			18		6->7->14->18						18			3
6			18		6->5->4->3->2->8->12->17->18						29			8
6			19		6->7->13->19						16			3
6			19		6->5->4->3->2->8->14->19						34			7
6			20		6->7->13->19->20						18			4
6			20		6->5->4->3->2->8->12->17->18->20						35			9
6			21		6->7->14->18->21						19			4
6			21		6->5->4->3->2->8->12->17->22->21						32			9
6			22		6->7->8->12->17->22						18			5
6			22		6->5->4->3->2->8->14->18->22						33			8
6			23		6->7->14->18->23						19			4
6			23		6->5->4->3->2->8->12->17->23						29			8
7			0		7->8->0						10			2
7			0		7->13->12->9->0						19			4
7			1		7->8->0->1						12			3
7			1		7->6->5->4->3->2->1						24			6
7			2		7->8->2						11			2
7			2		7->6->5->4->3->2						18			5
7			3		7->6->5->4->3						11			4
7			3		7->8->2->3						18			3
7			4		7->6->5->4						8			3
7			4		7->8->2->3->4						21			4
7			5		7->6->5						7			2
7			5		7->8->2->3->4->5						22			5
7			6		7->6						4			1
7			6		7->8->2->3->4->5->6						25			6
7			8		7->8						6			1
7			8		7->13->12->8						13			3
7			9		7->8->12->9						11			3
7			9		7->14->8->9						23			3
7			10		7->8->12->9->10						18			4
7			10		7->13->12->11->10						23			4
7			11		7->8->12->11						14			3
7			11		7->14->17->11						21			3
7			12		7->8->12						8			2
7			12		7->13->12						11			2
7			13		7->13						7			1
7			13		7->14->13						10			2
7			14		7->14						8			1
7			14		7->13->14						9			2
7			15		7->8->12->17->15						19			4
7			15		7->14->18->15						21			3
7			16		7->8->12->17->16						14			4
7			16		7->14->18->23->16						19			4
7			17		7->8->12->17						11			3
7			17		7->14->17						14			2
7			18		7->14->18						14			2
7			18		7->8->12->17->18						16			4
7			19		7->13->19						12			2
7			19		7->14->19						17			2
7			20		7->13->19->20						14			3
7			20		7->14->18->20						20			3
7			21		7->14->18->21						15			3
7			21		7->13->19->20->21						19			4
7			22		7->8->12->17->22						14			4
7			22		7->14->18->22						16			3
7			23		7->14->18->23						15			3
7			23		7->8->12->17->23						16			4
8			0		8->0						4			1
8			0		8->12->9->0						10			3
8			1		8->0->1						6			2
8			1		8->2->1						11			2
8			2		8->2						5			1
8			2		8->0->1->2						12			3
8			3		8->2->3						12			2
8			3		8->7->6->5->4->3						17			5
8			4		8->7->6->5->4						14			4
8			4		8->2->3->4						15			3
8			5		8->7->6->5						13			3
8			5		8->2->3->4->5						16			4
8			6		8->7->6						10			2
8			6		8->2->3->4->5->6						19			5
8			7		8->7						6			1
8			7		8->12->13->7						13			3
8			9		8->12->9						5			2
8			9		8->9						9			1
8			10		8->12->9->10						12			3
8			10		8->11->10						16			2
8			11		8->12->11						8			2
8			11		8->11						10			1
8			12		8->12						2			1
8			12		8->14->12						12			2
8			13		8->12->13						6			2
8			13		8->14->13						8			2
8			14		8->14						6			1
8			14		8->12->14						8			2
8			15		8->12->17->15						13			3
8			15		8->14->18->15						19			3
8			16		8->12->17->16						8			3
8			16		8->14->18->23->16						17			4
8			17		8->12->17						5			2
8			17		8->14->17						12			2
8			18		8->12->17->18						10			3
8			18		8->14->18						12			2
8			19		8->12->13->19						11			3
8			19		8->14->19						15			2
8			20		8->12->13->19->20						13			4
8			20		8->14->18->20						18			3
8			21		8->12->17->18->21						11			4
8			21		8->14->18->22->21						19			4
8			22		8->12->17->22						8			3
8			22		8->14->18->22						14			3
8			23		8->12->17->23						10			3
8			23		8->14->18->23						13			3
9			0		9->0						5			1
9			0		9->12->8->0						9			3
9			1		9->0->1						7			2
9			1		9->12->8->2->1						16			4
9			2		9->12->8->2						10			3
9			2		9->0->1->2						13			3
9			3		9->12->8->2->3						17			4
9			3		9->8->7->6->5->4->3						26			6
9			4		9->12->8->7->6->5->4						19			6
9			4		9->0->1->2->3->4						23			5
9			5		9->12->8->7->6->5						18			5
9			5		9->0->1->2->3->4->5						24			6
9			6		9->12->8->7->6						15			4
9			6		9->0->1->2->3->4->5->6						27			7
9			7		9->12->8->7						11			3
9			7		9->8->14->7						23			3
9			8		9->12->8						5			2
9			8		9->8						9			1
9			10		9->10						7			1
9			10		9->12->11->10						15			3
9			11		9->12->11						9			2
9			11		9->10->11						13			2
9			12		9->12						3			1
9			12		9->8->12						11			2
9			13		9->12->13						7			2
9			13		9->8->14->13						17			3
9			14		9->12->14						9			2
9			14		9->8->14						15			2
9			15		9->10->15						13			2
9			15		9->12->17->15						14			3
9			16		9->12->17->16						9			3
9			16		9->10->15->16						22			3
9			17		9->12->17						6			2
9			17		9->10->11->17						20			3
9			18		9->12->17->18						11			3
9			18		9->10->15->18						20			3
9			19		9->12->13->19						12			3
9			19		9->8->14->19						24			3
9			20		9->12->13->19->20						14			4
9			20		9->8->12->17->18->20						25			5
9			21		9->12->17->18->21						12			4
9			21		9->8->12->13->19->20->21						27			6
9			22		9->12->17->22						9			3
9			22		9->10->15->18->22						22			4
9			23		9->12->17->23						11			3
9			23		9->10->15->18->23						21			4
10			0		10->9->0						12			2
10			0		10->11->12->8->0						18			4
10			1		10->9->0->1						14			3
10			1		10->11->12->8->2->1						25			5
10			2		10->9->12->8->2						17			4
10			2		10->11->8->0->1->2						28			5
10			3		10->9->12->8->2->3						24			5
10			3		10->11->8->7->6->5->4->3						33			7
10			4		10->9->12->8->7->6->5->4						26			7
10			4		10->11->8->2->3->4						31			5
10			5		10->9->12->8->7->6->5						25			6
10			5		10->11->8->2->3->4->5						32			6
10			6		10->9->12->8->7->6						22			5
10			6		10->11->8->2->3->4->5->6						35			7
10			7		10->9->12->8->7						18			4
10			7		10->11->12->13->7						23			4
10			8		10->9->12->8						12			3
10			8		10->11->8						16			2
10			9		10->9						7			1
10			9		10->11->12->9						15			3
10			11		10->11						6			1
10			11		10->9->12->11						16			3
10			12		10->9->12						10			2
10			12		10->11->12						12			2
10			13		10->9->12->13						14			3
10			13		10->11->12->14->13						20			4
10			14		10->9->12->14						16			3
10			14		10->11->12->13->14						18			4
10			15		10->15						6			1
10			15		10->11->17->15						21			3
10			16		10->15->16						15			2
10			16		10->11->17->16						16			3
10			17		10->11->17						13			2
10			17		10->9->12->17						13			3
10			18		10->15->18						13			2
10			18		10->11->17->18						18			3
10			19		10->15->18->19						18			3
10			19		10->9->12->13->19						19			4
10			20		10->15->18->20						19			3
10			20		10->9->12->13->19->20						21			5
10			21		10->15->18->21						14			3
10			21		10->11->17->22->21						21			4
10			22		10->15->18->22						15			3
10			22		10->11->17->22						16			3
10			23		10->15->18->23						14			3
10			23		10->11->17->23						18			3
11			0		11->12->8->0						12			3
11			0		11->10->9->0						18			3
11			1		11->12->8->0->1						14			4
11			1		11->8->2->1						21			3
11			2		11->12->8->2						13			3
11			2		11->8->0->1->2						22			4
11			3		11->12->8->2->3						20			4
11			3		11->8->7->6->5->4->3						27			6
11			4		11->12->8->7->6->5->4						22			6
11			4		11->8->2->3->4						25			4
11			5		11->12->8->7->6->5						21			5
11			5		11->8->2->3->4->5						26			5
11			6		11->12->8->7->6						18			4
11			6		11->8->2->3->4->5->6						29			6
11			7		11->12->8->7						14			3
11			7		11->17->14->7						21			3
11			8		11->12->8						8			2
11			8		11->8						10			1
11			9		11->12->9						9			2
11			9		11->10->9						13			2
11			10		11->10						6			1
11			10		11->12->9->10						16			3
11			12		11->12						6			1
11			12		11->17->12						10			2
11			13		11->12->13						10			2
11			13		11->17->14->13						15			3
11			14		11->12->14						12			2
11			14		11->17->14						13			2
11			15		11->10->15						12			2
11			15		11->17->15						15			2
11			16		11->17->16						10			2
11			16		11->12->17->23->16						18			4
11			17		11->17						7			1
11			17		11->12->17						9			2
11			18		11->17->18						12			2
11			18		11->12->17->22->18						14			4
11			19		11->12->13->19						15			3
11			19		11->17->18->19						17			3
11			20		11->12->13->19->20						17			4
11			20		11->17->18->20						18			3
11			21		11->17->18->21						13			3
11			21		11->12->17->22->21						17			4
11			22		11->17->22						10			2
11			22		11->12->17->18->22						16			4
11			23		11->17->23						12			2
11			23		11->12->17->18->23						15			4
12			0		12->8->0						6			2
12			0		12->9->0						8			2
12			1		12->8->0->1						8			3
12			1		12->9->8->2->1						23			4
12			2		12->8->2						7			2
12			2		12->9->0->1->2						16			4
12			3		12->8->2->3						14			3
12			3		12->13->7->6->5->4->3						22			6
12			4		12->8->7->6->5->4						16			5
12			4		12->9->0->1->2->3->4						26			6
12			5		12->8->7->6->5						15			4
12			5		12->9->0->1->2->3->4->5						27			7
12			6		12->8->7->6						12			3
12			6		12->9->0->1->2->3->4->5->6						30			8
12			7		12->8->7						8			2
12			7		12->13->7						11			2
12			8		12->8						2			1
12			8		12->9->8						12			2
12			9		12->9						3			1
12			9		12->8->9						11			2
12			10		12->9->10						10			2
12			10		12->11->10						12			2
12			11		12->11						6			1
12			11		12->17->11						10			2
12			13		12->13						4			1
12			13		12->14->13						8			2
12			14		12->14						6			1
12			14		12->13->14						6			2
12			15		12->17->15						11			2
12			15		12->9->10->15						16			3
12			16		12->17->16						6			2
12			16		12->14->18->23->16						17			4
12			17		12->17						3			1
12			17		12->14->17						12			2
12			18		12->17->18						8			2
12			18		12->14->18						12			2
12			19		12->13->19						9			2
12			19		12->17->18->19						13			3
12			20		12->13->19->20						11			3
12			20		12->17->18->20						14			3
12			21		12->17->18->21						9			3
12			21		12->13->19->20->21						16			4
12			22		12->17->22						6			2
12			22		12->14->18->22						14			3
12			23		12->17->23						8			2
12			23		12->14->18->23						13			3
13			0		13->12->8->0						10			3
13			0		13->14->12->9->0						16			4
13			1		13->12->8->0->1						12			4
13			1		13->14->8->2->1						19			4
13			2		13->12->8->2						11			3
13			2		13->14->8->0->1->2						20			5
13			3		13->12->8->2->3						18			4
13			3		13->7->6->5->4->3						18			5
13			4		13->7->6->5->4						15			4
13			4		13->12->8->2->3->4						21			5
13			5		13->7->6->5						14			3
13			5		13->12->8->2->3->4->5						22			6
13			6		13->7->6						11			2
13			6		13->12->8->2->3->4->5->6						25			7
13			7		13->7						7			1
13			7		13->14->7						10			2
13			8		13->12->8						6			2
13			8		13->14->8						8			2
13			9		13->12->9						7			2
13			9		13->14->8->9						17			3
13			10		13->12->9->10						14			3
13			10		13->14->12->11->10						20			4
13			11		13->12->11						10			2
13			11		13->14->17->11						15			3
13			12		13->12						4			1
13			12		13->14->12						8			2
13			14		13->14						2			1
13			14		13->12->14						10			2
13			15		13->12->17->15						15			3
13			15		13->14->18->15						15			3
13			16		13->12->17->16						10			3
13			16		13->14->18->23->16						13			4
13			17		13->12->17						7			2
13			17		13->14->17						8			2
13			18		13->14->18						8			2
13			18		13->19->18						10			2
13			19		13->19						5			1
13			19		13->14->19						11			2
13			20		13->19->20						7			2
13			20		13->14->18->20						14			3
13			21		13->14->18->21						9			3
13			21		13->19->20->21						12			3
13			22		13->12->17->22						10			3
13			22		13->14->18->22						10			3
13			23		13->14->18->23						9			3
13			23		13->12->17->23						12			3
14			0		14->8->0						10			2
14			0		14->12->9->0						14			3
14			1		14->8->0->1						12			3
14			1		14->12->8->2->1						19			4
14			2		14->8->2						11			2
14			2		14->12->8->0->1->2						20			5
14			3		14->8->2->3						18			3
14			3		14->7->6->5->4->3						19			5
14			4		14->7->6->5->4						16			4
14			4		14->8->2->3->4						21			4
14			5		14->7->6->5						15			3
14			5		14->8->2->3->4->5						22			5
14			6		14->7->6						12			2
14			6		14->8->2->3->4->5->6						25			6
14			7		14->7						8			1
14			7		14->13->7						9			2
14			8		14->8						6			1
14			8		14->12->8						8			2
14			9		14->12->9						9			2
14			9		14->8->9						15			2
14			10		14->12->9->10						16			3
14			10		14->13->12->11->10						18			4
14			11		14->12->11						12			2
14			11		14->17->11						13			2
14			12		14->12						6			1
14			12		14->13->12						6			2
14			13		14->13						2			1
14			13		14->12->13						10			2
14			15		14->18->15						13			2
14			15		14->17->15						14			2
14			16		14->17->16						9			2
14			16		14->18->23->16						11			3
14			17		14->17						6			1
14			17		14->12->17						9			2
14			18		14->18						6			1
14			18		14->17->18						11			2
14			19		14->13->19						7			2
14			19		14->19						9			1
14			20		14->13->19->20						9			3
14			20		14->18->20						12			2
14			21		14->18->21						7			2
14			21		14->13->19->20->21						14			4
14			22		14->18->22						8			2
14			22		14->17->22						9			2
14			23		14->18->23						7			2
14			23		14->17->23						11			2
15			0		15->17->12->8->0						17			4
15			0		15->10->9->0						18			3
15			1		15->17->12->8->0->1						19			5
15			1		15->18->14->8->2->1						30			5
15			2		15->17->12->8->2						18			4
15			2		15->10->9->0->1->2						26			5
15			3		15->17->12->8->2->3						25			5
15			3		15->18->14->7->6->5->4->3						32			7
15			4		15->17->12->8->7->6->5->4						27			7
15			4		15->18->14->8->2->3->4						34			6
15			5		15->17->12->8->7->6->5						26			6
15			5		15->18->14->8->2->3->4->5						35			7
15			6		15->17->12->8->7->6						23			5
15			6		15->18->14->8->2->3->4->5->6						38			8
15			7		15->17->12->8->7						19			4
15			7		15->18->14->7						21			3
15			8		15->17->12->8						13			3
15			8		15->18->14->8						19			3
15			9		15->10->9						13			2
15			9		15->17->12->9						14			3
15			10		15->10						6			1
15			10		15->17->12->9->10						21			4
15			11		15->10->11						12			2
15			11		15->17->11						15			2
15			12		15->17->12						11			2
15			12		15->10->9->12						16			3
15			13		15->17->12->13						15			3
15			13		15->18->14->13						15			3
15			14		15->18->14						13			2
15			14		15->17->14						14			2
15			16		15->16						9			1
15			16		15->17->16						11			2
15			17		15->17						8			1
15			17		15->18->17						12			2
15			18		15->18						7			1
15			18		15->17->18						13			2
15			19		15->18->19						12			2
15			19		15->17->12->13->19						20			4
15			20		15->18->20						13			2
15			20		15->17->18->21->20						19			4
15			21		15->18->21						8			2
15			21		15->17->22->21						16			3
15			22		15->18->22						9			2
15			22		15->17->22						11			2
15			23		15->18->23						8			2
15			23		15->17->23						13			2
16			0		16->17->12->8->0						12			4
16			0		16->23->18->14->12->9->0						25			6
16			1		16->17->12->8->0->1						14			5
16			1		16->23->18->14->8->2->1						28			6
16			2		16->17->12->8->2						13			4
16			2		16->23->18->14->8->0->1->2						29			7
16			3		16->17->12->8->2->3						20			5
16			3		16->23->18->14->7->6->5->4->3						30			8
16			4		16->17->12->8->7->6->5->4						22			7
16			4		16->23->18->14->8->2->3->4						32			7
16			5		16->17->12->8->7->6->5						21			6
16			5		16->23->18->14->8->2->3->4->5						33			8
16			6		16->17->12->8->7->6						18			5
16			6		16->23->18->14->8->2->3->4->5->6						36			9
16			7		16->17->12->8->7						14			4
16			7		16->23->18->14->7						19			4
16			8		16->17->12->8						8			3
16			8		16->23->18->14->8						17			4
16			9		16->17->12->9						9			3
16			9		16->15->10->9						22			3
16			10		16->15->10						15			2
16			10		16->17->12->9->10						16			4
16			11		16->17->11						10			2
16			11		16->23->17->12->11						18			4
16			12		16->17->12						6			2
16			12		16->23->18->14->12						17			4
16			13		16->17->12->13						10			3
16			13		16->23->18->14->13						13			4
16			14		16->17->14						9			2
16			14		16->23->18->14						11			3
16			15		16->15						9			1
16			15		16->17->15						11			2
16			17		16->17						3			1
16			17		16->23->17						9			2
16			18		16->23->18						5			2
16			18		16->17->18						8			2
16			19		16->23->18->19						10			3
16			19		16->17->12->13->19						15			4
16			20		16->23->18->20						11			3
16			20		16->17->18->21->20						14			4
16			21		16->23->18->21						6			3
16			21		16->17->22->21						11			3
16			22		16->17->22						6			2
16			22		16->23->18->22						7			3
16			23		16->23						4			1
16			23		16->17->23						8			2
17			0		17->12->8->0						9			3
17			0		17->14->12->9->0						20			4
17			1		17->12->8->0->1						11			4
17			1		17->14->8->2->1						23			4
17			2		17->12->8->2						10			3
17			2		17->14->8->0->1->2						24			5
17			3		17->12->8->2->3						17			4
17			3		17->14->7->6->5->4->3						25			6
17			4		17->12->8->7->6->5->4						19			6
17			4		17->14->8->2->3->4						27			5
17			5		17->12->8->7->6->5						18			5
17			5		17->14->8->2->3->4->5						28			6
17			6		17->12->8->7->6						15			4
17			6		17->14->8->2->3->4->5->6						31			7
17			7		17->12->8->7						11			3
17			7		17->14->7						14			2
17			8		17->12->8						5			2
17			8		17->14->8						12			2
17			9		17->12->9						6			2
17			9		17->11->10->9						20			3
17			10		17->12->9->10						13			3
17			10		17->11->10						13			2
17			11		17->11						7			1
17			11		17->12->11						9			2
17			12		17->12						3			1
17			12		17->14->12						12			2
17			13		17->12->13						7			2
17			13		17->14->13						8			2
17			14		17->14						6			1
17			14		17->12->14						9			2
17			15		17->15						8			1
17			15		17->16->15						12			2
17			16		17->16						3			1
17			16		17->23->16						9			2
17			18		17->18						5			1
17			18		17->22->18						5			2
17			19		17->18->19						10			2
17			19		17->12->13->19						12			3
17			20		17->18->20						11			2
17			20		17->22->18->21->20						11			4
17			21		17->18->21						6			2
17			21		17->22->21						8			2
17			22		17->22						3			1
17			22		17->18->22						7			2
17			23		17->23						5			1
17			23		17->18->23						6			2
18			0		18->17->12->8->0						14			4
18			0		18->14->12->9->0						20			4
18			1		18->17->12->8->0->1						16			5
18			1		18->14->8->2->1						23			4
18			2		18->17->12->8->2						15			4
18			2		18->14->8->0->1->2						24			5
18			3		18->17->12->8->2->3						22			5
18			3		18->14->7->6->5->4->3						25			6
18			4		18->14->7->6->5->4						22			5
18			4		18->17->12->8->2->3->4						25			6
18			5		18->14->7->6->5						21			4
18			5		18->17->12->8->2->3->4->5						26			7
18			6		18->14->7->6						18			3
18			6		18->17->12->8->2->3->4->5->6						29			8
18			7		18->14->7						14			2
18			7		18->17->12->8->7						16			4
18			8		18->17->12->8						10			3
18			8		18->14->8						12			2
18			9		18->17->12->9						11			3
18			9		18->15->10->9						20			3
18			10		18->15->10						13			2
18			10		18->17->12->9->10						18			4
18			11		18->17->11						12			2
18			11		18->22->17->12->11						14			4
18			12		18->17->12						8			2
18			12		18->14->12						12			2
18			13		18->14->13						8			2
18			13		18->19->13						10			2
18			14		18->14						6			1
18			14		18->17->14						11			2
18			15		18->15						7			1
18			15		18->17->15						13			2
18			16		18->23->16						5			2
18			16		18->17->16						8			2
18			17		18->17						5			1
18			17		18->22->17						5			2
18			19		18->19						5			1
18			19		18->20->19						8			2
18			20		18->20						6			1
18			20		18->21->20						6			2
18			21		18->21						1			1
18			21		18->22->21						7			2
18			22		18->22						2			1
18			22		18->21->22						6			2
18			23		18->23						1			1
18			23		18->22->23						8			2
19			0		19->13->12->8->0						15			4
19			0		19->18->17->12->9->0						21			5
19			1		19->13->12->8->0->1						17			5
19			1		19->14->8->2->1						26			4
19			2		19->13->12->8->2						16			4
19			2		19->14->8->0->1->2						27			5
19			3		19->13->12->8->2->3						23			5
19			3		19->14->7->6->5->4->3						28			6
19			4		19->13->7->6->5->4						20			5
19			4		19->14->8->2->3->4						30			5
19			5		19->13->7->6->5						19			4
19			5		19->14->8->2->3->4->5						31			6
19			6		19->13->7->6						16			3
19			6		19->14->8->2->3->4->5->6						34			7
19			7		19->13->7						12			2
19			7		19->14->7						17			2
19			8		19->13->12->8						11			3
19			8		19->14->8						15			2
19			9		19->13->12->9						12			3
19			9		19->14->8->9						24			3
19			10		19->18->15->10						18			3
19			10		19->13->12->9->10						19			4
19			11		19->13->12->11						15			3
19			11		19->18->17->11						17			3
19			12		19->13->12						9			2
19			12		19->18->17->12						13			3
19			13		19->13						5			1
19			13		19->14->13						11			2
19			14		19->13->14						7			2
19			14		19->14						9			1
19			15		19->18->15						12			2
19			15		19->13->12->17->15						20			4
19			16		19->18->23->16						10			3
19			16		19->13->12->17->16						15			4
19			17		19->18->17						10			2
19			17		19->13->12->17						12			3
19			18		19->18						5			1
19			18		19->20->18						8			2
19			20		19->20						2			1
19			20		19->18->20						11			2
19			21		19->18->21						6			2
19			21		19->20->21						7			2
19			22		19->18->22						7			2
19			22		19->20->21->22						12			3
19			23		19->18->23						6			2
19			23		19->20->18->22->23						16			4
20			0		20->19->13->12->8->0						17			5
20			0		20->18->17->12->9->0						22			5
20			1		20->19->13->12->8->0->1						19			6
20			1		20->18->14->8->2->1						29			5
20			2		20->19->13->12->8->2						18			5
20			2		20->18->17->12->9->0->1->2						30			7
20			3		20->19->13->12->8->2->3						25			6
20			3		20->18->14->7->6->5->4->3						31			7
20			4		20->19->13->7->6->5->4						22			6
20			4		20->18->17->12->8->2->3->4						31			7
20			5		20->19->13->7->6->5						21			5
20			5		20->18->17->12->8->2->3->4->5						32			8
20			6		20->19->13->7->6						18			4
20			6		20->18->17->12->8->2->3->4->5->6						35			9
20			7		20->19->13->7						14			3
20			7		20->18->14->7						20			3
20			8		20->19->13->12->8						13			4
20			8		20->18->14->8						18			3
20			9		20->19->13->12->9						14			4
20			9		20->18->17->12->8->9						25			5
20			10		20->18->15->10						19			3
20			10		20->19->13->12->9->10						21			5
20			11		20->19->13->12->11						17			4
20			11		20->18->17->11						18			3
20			12		20->19->13->12						11			3
20			12		20->18->17->12						14			3
20			13		20->19->13						7			2
20			13		20->18->14->13						14			3
20			14		20->19->13->14						9			3
20			14		20->18->14						12			2
20			15		20->18->15						13			2
20			15		20->21->18->17->15						19			4
20			16		20->18->23->16						11			3
20			16		20->21->18->17->16						14			4
20			17		20->18->17						11			2
20			17		20->21->18->22->17						11			4
20			18		20->18						6			1
20			18		20->21->18						6			2
20			19		20->19						2			1
20			19		20->18->19						11			2
20			21		20->21						5			1
20			21		20->18->21						7			2
20			22		20->18->22						8			2
20			22		20->21->22						10			2
20			23		20->18->23						7			2
20			23		20->21->18->22->23						14			4
21			0		21->18->17->12->8->0						15			5
21			0		21->20->19->13->12->9->0						24			6
21			1		21->18->17->12->8->0->1						17			6
21			1		21->22->18->14->8->2->1						30			6
21			2		21->18->17->12->8->2						16			5
21			2		21->22->18->14->8->0->1->2						31			7
21			3		21->18->17->12->8->2->3						23			6
21			3		21->20->19->13->7->6->5->4->3						30			8
21			4		21->18->14->7->6->5->4						23			6
21			4		21->22->17->12->8->2->3->4						28			7
21			5		21->18->14->7->6->5						22			5
21			5		21->22->17->12->8->2->3->4->5						29			8
21			6		21->18->14->7->6						19			4
21			6		21->22->17->12->8->2->3->4->5->6						32			9
21			7		21->18->14->7						15			3
21			7		21->20->19->13->7						19			4
21			8		21->18->17->12->8						11			4
21			8		21->22->18->14->8						19			4
21			9		21->18->17->12->9						12			4
21			9		21->20->19->13->12->8->9						27			6
21			10		21->18->15->10						14			3
21			10		21->22->17->12->9->10						21			5
21			11		21->18->17->11						13			3
21			11		21->22->17->12->11						17			4
21			12		21->18->17->12						9			3
21			12		21->20->19->13->12						16			4
21			13		21->18->14->13						9			3
21			13		21->20->19->13						12			3
21			14		21->18->14						7			2
21			14		21->22->17->14						14			3
21			15		21->18->15						8			2
21			15		21->22->17->15						16			3
21			16		21->18->23->16						6			3
21			16		21->22->17->16						11			3
21			17		21->18->17						6			2
21			17		21->22->17						8			2
21			18		21->18						1			1
21			18		21->22->18						7			2
21			19		21->18->19						6			2
21			19		21->20->19						7			2
21			20		21->20						5			1
21			20		21->18->20						7			2
21			22		21->18->22						3			2
21			22		21->22						5			1
21			23		21->18->23						2			2
21			23		21->22->23						11			2
22			0		22->17->12->8->0						12			4
22			0		22->18->14->12->9->0						22			5
22			1		22->17->12->8->0->1						14			5
22			1		22->18->14->8->2->1						25			5
22			2		22->17->12->8->2						13			4
22			2		22->18->14->8->0->1->2						26			6
22			3		22->17->12->8->2->3						20			5
22			3		22->18->14->7->6->5->4->3						27			7
22			4		22->17->12->8->7->6->5->4						22			7
22			4		22->18->14->8->2->3->4						29			6
22			5		22->17->12->8->7->6->5						21			6
22			5		22->18->14->8->2->3->4->5						30			7
22			6		22->17->12->8->7->6						18			5
22			6		22->18->14->8->2->3->4->5->6						33			8
22			7		22->17->12->8->7						14			4
22			7		22->18->14->7						16			3
22			8		22->17->12->8						8			3
22			8		22->18->14->8						14			3
22			9		22->17->12->9						9			3
22			9		22->18->15->10->9						22			4
22			10		22->18->15->10						15			3
22			10		22->17->12->9->10						16			4
22			11		22->17->11						10			2
22			11		22->18->17->12->11						16			4
22			12		22->17->12						6			2
22			12		22->18->14->12						14			3
22			13		22->17->12->13						10			3
22			13		22->18->14->13						10			3
22			14		22->18->14						8			2
22			14		22->17->14						9			2
22			15		22->18->15						9			2
22			15		22->17->15						11			2
22			16		22->17->16						6			2
22			16		22->18->23->16						7			3
22			17		22->17						3			1
22			17		22->18->17						7			2
22			18		22->18						2			1
22			18		22->21->18						6			2
22			19		22->18->19						7			2
22			19		22->21->20->19						12			3
22			20		22->18->20						8			2
22			20		22->21->20						10			2
22			21		22->18->21						3			2
22			21		22->21						5			1
22			23		22->18->23						3			2
22			23		22->23						6			1
23			0		23->17->12->8->0						14			4
23			0		23->18->14->12->9->0						21			5
23			1		23->17->12->8->0->1						16			5
23			1		23->18->14->8->2->1						24			5
23			2		23->17->12->8->2						15			4
23			2		23->18->14->8->0->1->2						25			6
23			3		23->17->12->8->2->3						22			5
23			3		23->18->14->7->6->5->4->3						26			7
23			4		23->18->14->7->6->5->4						23			6
23			4		23->17->12->8->2->3->4						25			6
23			5		23->18->14->7->6->5						22			5
23			5		23->17->12->8->2->3->4->5						26			7
23			6		23->18->14->7->6						19			4
23			6		23->17->12->8->2->3->4->5->6						29			8
23			7		23->18->14->7						15			3
23			7		23->17->12->8->7						16			4
23			8		23->17->12->8						10			3
23			8		23->18->14->8						13			3
23			9		23->17->12->9						11			3
23			9		23->18->15->10->9						21			4
23			10		23->18->15->10						14			3
23			10		23->17->12->9->10						18			4
23			11		23->17->11						12			2
23			11		23->18->17->12->11						15			4
23			12		23->17->12						8			2
23			12		23->18->14->12						13			3
23			13		23->18->14->13						9			3
23			13		23->17->12->13						12			3
23			14		23->18->14						7			2
23			14		23->17->14						11			2
23			15		23->18->15						8			2
23			15		23->16->15						13			2
23			16		23->16						4			1
23			16		23->17->16						8			2
23			17		23->17						5			1
23			17		23->18->17						6			2
23			18		23->18						1			1
23			18		23->22->18						8			2
23			19		23->18->19						6			2
23			19		23->22->18->20->19						16			4
23			20		23->18->20						7			2
23			20		23->22->18->21->20						14			4
23			21		23->18->21						2			2
23			21		23->22->21						11			2
23			22		23->18->22						3			2
23			22		23->22						6			1
